87
255 255 255 255
117 143 168 255
180 174 73 255
134 158 159 255
41 56 124 255
111 138 152 255
40 55 116 255
116 139 145 255
70 92 147 255
85 111 153 255
136 159 156 255
45 60 128 255
114 135 146 255
51 69 145 255
138 156 132 255
70 91 151 255
92 123 182 255
51 68 127 255
119 140 144 255
49 68 141 255
41 39 36 255
59 82 155 255
150 153 92 255
66 92 151 255
90 123 166 255
142 158 169 255
88 119 168 255
145 164 156 255
65 90 151 255
91 120 163 255
117 140 153 255
93 124 167 255
40 44 44 255
58 82 148 255
121 150 180 255
38 43 39 255
114 144 172 255
44 64 99 255
88 121 170 255
36 43 39 255
118 147 176 255
87 119 153 255
145 166 148 255
95 125 165 255
117 145 179 255
76 110 162 255
54 59 58 255
34 47 43 255
63 95 144 255
116 144 180 255
96 128 166 255
83 121 165 255
37 44 40 255
69 106 159 255
113 143 174 255
90 122 164 255
163 180 138 255
34 39 35 255
85 123 161 255
173 187 180 255
96 130 171 255
77 113 163 255
31 38 35 255
82 116 153 255
182 191 175 255
80 117 161 255
124 151 167 255
156 179 170 255
148 172 166 255
92 128 171 255
29 35 32 255
66 88 113 255
134 159 160 255
65 86 127 255
120 149 165 255
30 35 32 255
106 137 156 255
47 62 106 255
92 127 164 255
31 35 31 255
56 78 128 255
44 58 82 255
32 37 34 255
58 82 107 255
49 61 79 255
59 68 63 255
33 39 38 255